              precision    recall  f1-score   support

           0     0.9939    0.9939    0.9939       980
           1     0.9965    0.9903    0.9934      1135
           2     0.9885    0.9971    0.9928      1032
           3     0.9921    0.9941    0.9931      1010
           4     0.9969    0.9919    0.9944       982
           5     0.9812    0.9922    0.9866       892
           6     0.9948    0.9927    0.9937       958
           7     0.9941    0.9864    0.9902      1028
           8     0.9898    0.9928    0.9913       974
           9     0.9891    0.9871    0.9881      1009

    accuracy                         0.9918     10000
   macro avg     0.9917    0.9918    0.9917     10000
weighted avg     0.9918    0.9918    0.9918     10000
