              precision    recall  f1-score   support

           0     0.9533    0.9796    0.9663       980
           1     0.9619    0.9797    0.9708      1135
           2     0.9309    0.9002    0.9153      1032
           3     0.9066    0.9129    0.9097      1010
           4     0.9343    0.9409    0.9376       982
           5     0.8964    0.8733    0.8847       892
           6     0.9431    0.9509    0.9470       958
           7     0.9350    0.9232    0.9290      1028
           8     0.8811    0.8830    0.8821       974
           9     0.9136    0.9118    0.9127      1009

    accuracy                         0.9266     10000
   macro avg     0.9256    0.9255    0.9255     10000
weighted avg     0.9264    0.9266    0.9264     10000
